41
65 64 3 100 5129999999 0.002
0 64 3 100 4194304 0.015
1 64 3 100 4194304 0.015
2 64 3 100 4194304 0.015
3 64 3 100 4194304 0.015
4 64 3 100 4194304 0.015
5 64 3 100 4194304 0.015
6 64 3 100 4194304 0.015
7 64 3 100 4194304 0.015
8 64 3 100 4194304 0.015
9 64 3 100 4194304 0.015
10 64 3 100 4194304 0.015
11 64 3 100 4194304 0.015
12 64 3 100 4194304 0.015
13 64 3 100 4194304 0.015
14 64 3 100 4194304 0.015
15 64 3 100 4194304 0.015
16 64 3 100 4194304 0.015
17 64 3 100 4194304 0.015
18 64 3 100 4194304 0.015
19 64 3 100 4194304 0.015
20 64 3 100 4194304 0.015
21 64 3 100 4194304 0.015
22 64 3 100 4194304 0.015
23 64 3 100 4194304 0.015
24 64 3 100 4194304 0.015
25 64 3 100 4194304 0.015
26 64 3 100 4194304 0.015
27 64 3 100 4194304 0.015
28 64 3 100 4194304 0.015
29 64 3 100 4194304 0.015
30 64 3 100 4194304 0.015
31 64 3 100 4194304 0.015
32 64 3 100 4194304 0.015
33 64 3 100 4194304 0.015
34 64 3 100 4194304 0.015
35 64 3 100 4194304 0.015
36 64 3 100 4194304 0.015
37 64 3 100 4194304 0.015
38 64 3 100 4194304 0.015
39 64 3 100 4194304 0.015
