41
0 0 0 1 5129999999 0 0 0 10000000
1 0 1 40 4194304 0 0 1 20000000
2 0 1 40 4194304 0 1810500 2 20000000
3 0 1 40 4194304 0 619500 3 20000000
4 0 1 40 4194304 0 2430000 4 20000000
5 0 1 40 4194304 0 1239000 5 20000000
6 0 1 40 4194304 0 48000 6 20000000
7 0 1 40 4194304 0 1858500 7 20000000
8 0 1 40 4194304 0 667500 8 20000000
9 0 1 40 4194304 0 2478000 9 20000000
10 0 1 40 4194304 0 1287000 10 20000000
11 0 1 40 4194304 0 96000 11 20000000
12 0 1 40 4194304 0 1906499 12 20000000
13 0 1 40 4194304 0 715500 13 20000000
14 0 1 40 4194304 0 2526000 14 20000000
15 0 1 40 4194304 0 1335000 15 20000000
16 0 1 40 4194304 0 144000 16 20000000
17 0 1 40 4194304 0 1954500 17 20000000
18 0 1 40 4194304 0 763500 18 20000000
19 0 1 40 4194304 0 2574000 19 20000000
20 0 1 40 4194304 0 1383000 20 20000000
21 0 1 40 4194304 0 192000 21 20000000
22 0 1 40 4194304 0 2002500 22 20000000
23 0 1 40 4194304 0 811500 23 20000000
24 0 1 40 4194304 0 2622000 24 20000000
25 0 1 40 4194304 0 1431000 25 20000000
26 0 1 40 4194304 0 240000 26 20000000
27 0 1 40 4194304 0 2050500 27 20000000
28 0 1 40 4194304 0 859499 28 20000000
29 0 1 40 4194304 0 2670000 29 20000000
30 0 1 40 4194304 0 1479000 30 20000000
31 0 1 40 4194304 0 288000 31 20000000
32 0 1 40 4194304 0 2098500 32 20000000
33 0 1 40 4194304 0 907500 33 20000000
34 0 1 40 4194304 0 2718000 34 20000000
35 0 1 40 4194304 0 1527000 35 20000000
36 0 1 40 4194304 0 336000 36 20000000
37 0 1 40 4194304 0 2146500 37 20000000
38 0 1 40 4194304 0 955500 38 20000000
39 0 1 40 4194304 0 2766000 39 20000000
40 0 1 40 4194304 0 1575000 40 20000000
