61
65 64 3 100 6839999999 0.002
0 64 3 100 25165824 0.015000000
1 64 3 100 25165824 0.015000000
2 64 3 100 25165824 0.015000000
3 64 3 100 25165824 0.015000000
4 64 3 100 25165824 0.015000000
5 64 3 100 25165824 0.015000000
6 64 3 100 25165824 0.015000000
7 64 3 100 25165824 0.015000000
8 64 3 100 25165824 0.015000000
9 64 3 100 25165824 0.015000000
10 64 3 100 25165824 0.015000000
11 64 3 100 25165824 0.015000000
12 64 3 100 25165824 0.015000000
13 64 3 100 25165824 0.015000000
14 64 3 100 25165824 0.015000000
15 64 3 100 25165824 0.015000000
16 64 3 100 25165824 0.015000000
17 64 3 100 25165824 0.015000000
18 64 3 100 25165824 0.015000000
19 64 3 100 25165824 0.015000000
20 64 3 100 25165824 0.015000000
21 64 3 100 25165824 0.015000000
22 64 3 100 25165824 0.015000000
23 64 3 100 25165824 0.015000000
24 64 3 100 25165824 0.015000000
25 64 3 100 25165824 0.015000000
26 64 3 100 25165824 0.015000000
27 64 3 100 25165824 0.015000000
28 64 3 100 25165824 0.015000000
29 64 3 100 25165824 0.015000000
30 64 3 100 25165824 0.020000000
31 64 3 100 25165824 0.020000000
32 64 3 100 25165824 0.020000000
33 64 3 100 25165824 0.020000000
34 64 3 100 25165824 0.020000000
35 64 3 100 25165824 0.020000000
36 64 3 100 25165824 0.020000000
37 64 3 100 25165824 0.020000000
38 64 3 100 25165824 0.020000000
39 64 3 100 25165824 0.020000000
40 64 3 100 25165824 0.020000000
41 64 3 100 25165824 0.020000000
42 64 3 100 25165824 0.020000000
43 64 3 100 25165824 0.020000000
44 64 3 100 25165824 0.020000000
45 64 3 100 25165824 0.020000000
46 64 3 100 25165824 0.020000000
47 64 3 100 25165824 0.020000000
48 64 3 100 25165824 0.020000000
49 64 3 100 25165824 0.020000000
50 64 3 100 25165824 0.020000000
51 64 3 100 25165824 0.020000000
52 64 3 100 25165824 0.020000000
53 64 3 100 25165824 0.020000000
54 64 3 100 25165824 0.020000000
55 64 3 100 25165824 0.020000000
56 64 3 100 25165824 0.020000000
57 64 3 100 25165824 0.020000000
58 64 3 100 25165824 0.020000000
59 64 3 100 25165824 0.020000000
