61
0 0 0 1 6839999999 0 0 0 10000000
1 0 200 30 25165824 0 0 0 20000000
2 0 200 30 25165824 0 0 0 20000000
3 0 200 30 25165824 0 0 0 20000000
4 0 200 30 25165824 0 0 0 20000000
5 0 200 30 25165824 0 0 0 20000000
6 0 200 30 25165824 0 0 0 20000000
7 0 200 30 25165824 0 0 0 20000000
8 0 200 30 25165824 0 0 0 20000000
9 0 200 30 25165824 0 0 0 20000000
10 0 200 30 25165824 0 0 0 20000000
11 0 200 30 25165824 0 0 0 20000000
12 0 200 30 25165824 0 0 0 20000000
13 0 200 30 25165824 0 0 0 20000000
14 0 200 30 25165824 0 0 0 20000000
15 0 200 30 25165824 0 0 0 20000000
16 0 200 30 25165824 0 0 0 20000000
17 0 200 30 25165824 0 0 0 20000000
18 0 200 30 25165824 0 0 0 20000000
19 0 200 30 25165824 0 0 0 20000000
20 0 200 30 25165824 0 0 0 20000000
21 0 200 30 25165824 0 0 0 20000000
22 0 200 30 25165824 0 0 0 20000000
23 0 200 30 25165824 0 0 0 20000000
24 0 200 30 25165824 0 0 0 20000000
25 0 200 30 25165824 0 0 0 20000000
26 0 200 30 25165824 0 0 0 20000000
27 0 200 30 25165824 0 0 0 20000000
28 0 200 30 25165824 0 0 0 20000000
29 0 200 30 25165824 0 0 0 20000000
30 0 200 30 25165824 0 0 0 20000000
31 0 201 30 25165824 0 0 0 25000000
32 0 201 30 25165824 0 0 0 25000000
33 0 201 30 25165824 0 0 0 25000000
34 0 201 30 25165824 0 0 0 25000000
35 0 201 30 25165824 0 0 0 25000000
36 0 201 30 25165824 0 0 0 25000000
37 0 201 30 25165824 0 0 0 25000000
38 0 201 30 25165824 0 0 0 25000000
39 0 201 30 25165824 0 0 0 25000000
40 0 201 30 25165824 0 0 0 25000000
41 0 201 30 25165824 0 0 0 25000000
42 0 201 30 25165824 0 0 0 25000000
43 0 201 30 25165824 0 0 0 25000000
44 0 201 30 25165824 0 0 0 25000000
45 0 201 30 25165824 0 0 0 25000000
46 0 201 30 25165824 0 0 0 25000000
47 0 201 30 25165824 0 0 0 25000000
48 0 201 30 25165824 0 0 0 25000000
49 0 201 30 25165824 0 0 0 25000000
50 0 201 30 25165824 0 0 0 25000000
51 0 201 30 25165824 0 0 0 25000000
52 0 201 30 25165824 0 0 0 25000000
53 0 201 30 25165824 0 0 0 25000000
54 0 201 30 25165824 0 0 0 25000000
55 0 201 30 25165824 0 0 0 25000000
56 0 201 30 25165824 0 0 0 25000000
57 0 201 30 25165824 0 0 0 25000000
58 0 201 30 25165824 0 0 0 25000000
59 0 201 30 25165824 0 0 0 25000000
60 0 201 30 25165824 0 0 0 25000000
