34
0 0 0 1 5700000000 0 0 0 10000000
1 0 1 1 5700000000 0 0 0 10000000
2 0 2 32 4194304 0 0 0 20000000
3 0 2 32 4194304 0 0 0 20000000
4 0 2 32 4194304 0 0 0 20000000
5 0 2 32 4194304 0 0 0 20000000
6 0 2 32 4194304 0 0 0 20000000
7 0 2 32 4194304 0 0 0 20000000
8 0 2 32 4194304 0 0 0 20000000
9 0 2 32 4194304 0 0 0 20000000
10 0 2 32 4194304 0 0 0 20000000
11 0 2 32 4194304 0 0 0 20000000
12 0 2 32 4194304 0 0 0 20000000
13 0 2 32 4194304 0 0 0 20000000
14 0 2 32 4194304 0 0 0 20000000
15 0 2 32 4194304 0 0 0 20000000
16 0 2 32 4194304 0 0 0 20000000
17 0 2 32 4194304 0 0 0 20000000
18 0 2 32 4194304 0 0 0 20000000
19 0 2 32 4194304 0 0 0 20000000
20 0 2 32 4194304 0 0 0 20000000
21 0 2 32 4194304 0 0 0 20000000
22 0 2 32 4194304 0 0 0 20000000
23 0 2 32 4194304 0 0 0 20000000
24 0 2 32 4194304 0 0 0 20000000
25 0 2 32 4194304 0 0 0 20000000
26 0 2 32 4194304 0 0 0 20000000
27 0 2 32 4194304 0 0 0 20000000
28 0 2 32 4194304 0 0 0 20000000
29 0 2 32 4194304 0 0 0 20000000
30 0 2 32 4194304 0 0 0 20000000
31 0 2 32 4194304 0 0 0 20000000
32 0 2 32 4194304 0 0 0 20000000
33 0 2 32 4194304 0 0 0 20000000
