34
65 64 3 100 5700000000 0.002
61 63 3 100 5700000000 0.002
0 64 3 100 4194304 0.015
1 64 3 100 4194304 0.015
2 64 3 100 4194304 0.015
3 64 3 100 4194304 0.015
4 64 3 100 4194304 0.015
5 64 3 100 4194304 0.015
6 64 3 100 4194304 0.015
7 64 3 100 4194304 0.015
8 64 3 100 4194304 0.015
9 64 3 100 4194304 0.015
10 64 3 100 4194304 0.015
11 64 3 100 4194304 0.015
12 64 3 100 4194304 0.015
13 64 3 100 4194304 0.015
14 64 3 100 4194304 0.015
15 64 3 100 4194304 0.015
16 63 3 100 4194304 0.015
17 63 3 100 4194304 0.015
18 63 3 100 4194304 0.015
19 63 3 100 4194304 0.015
20 63 3 100 4194304 0.015
21 63 3 100 4194304 0.015
22 63 3 100 4194304 0.015
23 63 3 100 4194304 0.015
24 63 3 100 4194304 0.015
25 63 3 100 4194304 0.015
26 63 3 100 4194304 0.015
27 63 3 100 4194304 0.015
28 63 3 100 4194304 0.015
29 63 3 100 4194304 0.015
30 63 3 100 4194304 0.015
31 63 3 100 4194304 0.015
