62
0 0 0 1 466329564 0 0 0 10000000
1 0 1 1 466329564 0 0 0 10000000
2 0 2 60 4194304 0 0 0 20000000
3 0 2 60 4194304 0 0 0 20000000
4 0 2 60 4194304 0 0 0 20000000
5 0 2 60 4194304 0 0 0 20000000
6 0 2 60 4194304 0 0 0 20000000
7 0 2 60 4194304 0 0 0 20000000
8 0 2 60 4194304 0 0 0 20000000
9 0 2 60 4194304 0 0 0 20000000
10 0 2 60 4194304 0 0 0 20000000
11 0 2 60 4194304 0 0 0 20000000
12 0 2 60 4194304 0 0 0 20000000
13 0 2 60 4194304 0 0 0 20000000
14 0 2 60 4194304 0 0 0 20000000
15 0 2 60 4194304 0 0 0 20000000
16 0 2 60 4194304 0 0 0 20000000
17 0 2 60 4194304 0 0 0 20000000
18 0 2 60 4194304 0 0 0 20000000
19 0 2 60 4194304 0 0 0 20000000
20 0 2 60 4194304 0 0 0 20000000
21 0 2 60 4194304 0 0 0 20000000
22 0 2 60 4194304 0 0 0 20000000
23 0 2 60 4194304 0 0 0 20000000
24 0 2 60 4194304 0 0 0 20000000
25 0 2 60 4194304 0 0 0 20000000
26 0 2 60 4194304 0 0 0 20000000
27 0 2 60 4194304 0 0 0 20000000
28 0 2 60 4194304 0 0 0 20000000
29 0 2 60 4194304 0 0 0 20000000
30 0 2 60 4194304 0 0 0 20000000
31 0 2 60 4194304 0 0 0 20000000
32 0 2 60 4194304 0 0 0 20000000
33 0 2 60 4194304 0 0 0 20000000
34 0 2 60 4194304 0 0 0 20000000
35 0 2 60 4194304 0 0 0 20000000
36 0 2 60 4194304 0 0 0 20000000
37 0 2 60 4194304 0 0 0 20000000
38 0 2 60 4194304 0 0 0 20000000
39 0 2 60 4194304 0 0 0 20000000
40 0 2 60 4194304 0 0 0 20000000
41 0 2 60 4194304 0 0 0 20000000
42 0 2 60 4194304 0 0 0 20000000
43 0 2 60 4194304 0 0 0 20000000
44 0 2 60 4194304 0 0 0 20000000
45 0 2 60 4194304 0 0 0 20000000
46 0 2 60 4194304 0 0 0 20000000
47 0 2 60 4194304 0 0 0 20000000
48 0 2 60 4194304 0 0 0 20000000
49 0 2 60 4194304 0 0 0 20000000
50 0 2 60 4194304 0 0 0 20000000
51 0 2 60 4194304 0 0 0 20000000
52 0 2 60 4194304 0 0 0 20000000
53 0 2 60 4194304 0 0 0 20000000
54 0 2 60 4194304 0 0 0 20000000
55 0 2 60 4194304 0 0 0 20000000
56 0 2 60 4194304 0 0 0 20000000
57 0 2 60 4194304 0 0 0 20000000
58 0 2 60 4194304 0 0 0 20000000
59 0 2 60 4194304 0 0 0 20000000
60 0 2 60 4194304 0 0 0 20000000
61 0 2 60 4194304 0 0 0 20000000
