56
0 0 0 1 2564999999 0 0 0 10000000
1 0 1 1 2564999999 0 0 0 10000000
2 0 2 1 2564999999 0 0 0 10000000
3 0 3 1 2564999999 0 0 0 10000000
4 0 4 52 4194304 0 0 0 20000000
5 0 4 52 4194304 0 0 0 20000000
6 0 4 52 4194304 0 0 0 20000000
7 0 4 52 4194304 0 0 0 20000000
8 0 4 52 4194304 0 0 0 20000000
9 0 4 52 4194304 0 0 0 20000000
10 0 4 52 4194304 0 0 0 20000000
11 0 4 52 4194304 0 0 0 20000000
12 0 4 52 4194304 0 0 0 20000000
13 0 4 52 4194304 0 0 0 20000000
14 0 4 52 4194304 0 0 0 20000000
15 0 4 52 4194304 0 0 0 20000000
16 0 4 52 4194304 0 0 0 20000000
17 0 4 52 4194304 0 0 0 20000000
18 0 4 52 4194304 0 0 0 20000000
19 0 4 52 4194304 0 0 0 20000000
20 0 4 52 4194304 0 0 0 20000000
21 0 4 52 4194304 0 0 0 20000000
22 0 4 52 4194304 0 0 0 20000000
23 0 4 52 4194304 0 0 0 20000000
24 0 4 52 4194304 0 0 0 20000000
25 0 4 52 4194304 0 0 0 20000000
26 0 4 52 4194304 0 0 0 20000000
27 0 4 52 4194304 0 0 0 20000000
28 0 4 52 4194304 0 0 0 20000000
29 0 4 52 4194304 0 0 0 20000000
30 0 4 52 4194304 0 0 0 20000000
31 0 4 52 4194304 0 0 0 20000000
32 0 4 52 4194304 0 0 0 20000000
33 0 4 52 4194304 0 0 0 20000000
34 0 4 52 4194304 0 0 0 20000000
35 0 4 52 4194304 0 0 0 20000000
36 0 4 52 4194304 0 0 0 20000000
37 0 4 52 4194304 0 0 0 20000000
38 0 4 52 4194304 0 0 0 20000000
39 0 4 52 4194304 0 0 0 20000000
40 0 4 52 4194304 0 0 0 20000000
41 0 4 52 4194304 0 0 0 20000000
42 0 4 52 4194304 0 0 0 20000000
43 0 4 52 4194304 0 0 0 20000000
44 0 4 52 4194304 0 0 0 20000000
45 0 4 52 4194304 0 0 0 20000000
46 0 4 52 4194304 0 0 0 20000000
47 0 4 52 4194304 0 0 0 20000000
48 0 4 52 4194304 0 0 0 20000000
49 0 4 52 4194304 0 0 0 20000000
50 0 4 52 4194304 0 0 0 20000000
51 0 4 52 4194304 0 0 0 20000000
52 0 4 52 4194304 0 0 0 20000000
53 0 4 52 4194304 0 0 0 20000000
54 0 4 52 4194304 0 0 0 20000000
55 0 4 52 4194304 0 0 0 20000000
