56
65 64 3 100 2564999999 0.002
61 60 3 100 2564999999 0.002
57 56 3 100 2564999999 0.002
53 52 3 100 2564999999 0.002
0 64 3 100 4194304 0.015
1 64 3 100 4194304 0.015
2 64 3 100 4194304 0.015
3 64 3 100 4194304 0.015
4 64 3 100 4194304 0.015
5 64 3 100 4194304 0.015
6 64 3 100 4194304 0.015
7 64 3 100 4194304 0.015
8 64 3 100 4194304 0.015
9 64 3 100 4194304 0.015
10 64 3 100 4194304 0.015
11 64 3 100 4194304 0.015
12 64 3 100 4194304 0.015
13 60 3 100 4194304 0.015
14 60 3 100 4194304 0.015
15 60 3 100 4194304 0.015
16 60 3 100 4194304 0.015
17 60 3 100 4194304 0.015
18 60 3 100 4194304 0.015
19 60 3 100 4194304 0.015
20 60 3 100 4194304 0.015
21 60 3 100 4194304 0.015
22 60 3 100 4194304 0.015
23 60 3 100 4194304 0.015
24 60 3 100 4194304 0.015
25 60 3 100 4194304 0.015
26 56 3 100 4194304 0.015
27 56 3 100 4194304 0.015
28 56 3 100 4194304 0.015
29 56 3 100 4194304 0.015
30 56 3 100 4194304 0.015
31 56 3 100 4194304 0.015
32 56 3 100 4194304 0.015
33 56 3 100 4194304 0.015
34 56 3 100 4194304 0.015
35 56 3 100 4194304 0.015
36 56 3 100 4194304 0.015
37 56 3 100 4194304 0.015
38 56 3 100 4194304 0.015
39 52 3 100 4194304 0.015
40 52 3 100 4194304 0.015
41 52 3 100 4194304 0.015
42 52 3 100 4194304 0.015
43 52 3 100 4194304 0.015
44 52 3 100 4194304 0.015
45 52 3 100 4194304 0.015
46 52 3 100 4194304 0.015
47 52 3 100 4194304 0.015
48 52 3 100 4194304 0.015
49 52 3 100 4194304 0.015
50 52 3 100 4194304 0.015
51 52 3 100 4194304 0.015
